-10347,-13795,-3455,-4.68,-4.72,-3.13
-32768,-28030,15735,-11.10,-3.37,4.81
-2314,-14442,-6583,-0.75,-5.34,-4.79
-8363,-15097,-5809,-3.88,-4.60,-4.04
-2224,-4481,2443,-1.77,-2.09,0.46
-14450,-19889,-4679,-6.01,-11.68,-4.18
-2352,-6944,-6890,-0.81,-3.20,-6.19
-11704,-20292,-4701,-5.31,-4.78,-1.92
-8744,-9964,-10905,-4.04,-1.46,-5.57
-13307,-23933,-3527,-8.30,-9.48,-3.56
-6655,-27415,-14421,-2.80,-9.03,-6.15
-16967,-27433,-934,-7.27,-9.62,-2.42
-11436,-24158,-14738,-4.03,-9.95,-4.02
-9316,-23788,-10691,-4.37,-9.24,-5.69
-3743,-17527,-8389,-3.67,-9.42,-6.26
-8983,-24172,-12256,-3.30,-6.39,-4.48
-13622,-13713,-11354,-4.78,-4.16,-4.43
2987,-17580,29073,-5.43,-2.18,14.00
-6267,-20300,2552,-3.27,-5.97,0.05
-2309,-18790,-6142,-0.70,-7.88,-7.69
-29540,-29582,-12291,-9.24,-15.81,-5.95
2080,-11565,-5199,-1.09,-1.80,-0.87
-3751,-13312,-9102,-0.44,-5.62,-3.85
3988,-11582,-2516,2.65,-8.72,-2.48
