x_gyro, y_gyro, z_gyro, x_acc, y_acc, z_acc
15851,-32768,-7433,9.41,-15.90,-1.43
18924,-32768,-6617,10.32,-16.00,-1.29
12650,-14398,5332,5.31,-5.04,1.34
6018,-20355,11153,5.67,-6.05,2.23
7621,-16893,1958,2.39,-8.80,0.68
4417,-14079,1445,0.85,-7.85,-0.33
6983,-22887,3170,2.15,-8.76,0.94
4835,-12024,2126,1.70,-6.67,0.03
10907,-15090,-143,2.98,-5.81,-0.37
3521,-21349,911,0.07,-7.54,-0.56
10868,-18915,6283,3.74,-7.43,2.41
11453,-20989,1166,4.75,-8.95,0.93
15227,-17058,1277,5.86,-6.99,1.31
6470,-18463,7745,2.03,-8.05,0.94
9432,-12551,-122,2.85,-6.92,0.07
2457,-14292,-1202,0.80,-4.15,-0.64
1235,-13834,-342,0.20,-5.68,-0.82
1986,-9264,3622,0.34,-3.30,1.57
9511,-20996,7495,3.32,-7.38,2.51
14366,-22739,7327,5.73,-8.41,5.37
11321,-20920,3361,4.11,-8.79,3.26
5767,-20022,-2815,1.58,-9.13,-1.89
5262,-26661,-4427,1.15,-12.74,-2.24
8993,-22562,-4308,3.55,-7.86,-1.29
2771,-25408,-3208,1.23,-10.25,-1.34
5094,-16789,-231,1.33,-8.58,-0.01
3150,-18182,428,0.44,-5.76,0.19
-558,-24234,2412,0.45,-9.34,-1.16
-913,-18827,170,-0.04,-6.84,-0.58
1256,-19910,-207,0.34,-5.42,-0.56
5862,-29525,-2054,0.81,-12.44,-0.79
5987,-32193,-4836,1.09,-13.66,-2.68
390,-22312,-1336,-0.23,-10.40,-0.74
-1727,-29295,-12076,0.56,0.56,0.56
1365,-27103,-9016,0.08,0.08,0.08
5417,-29335,-1547,0.71,-13.03,-0.94
12458,-24042,4052,4.80,-9.17,2.81
-266,-12639,-2567,-0.06,-2.75,-2.75
8270,-27639,-5437,1.62,-9.73,-2.34
3116,-21967,-4385,0.76,-9.03,-2.03
1690,-10181,2310,0.21,-2.31,0.24
11027,-29347,5286,3.83,-10.25,2.36
941,-20950,-2156,-0.06,-7.27,-1.61
4173,-21613,-1207,1.08,-9.56,0.29
-1349,-15402,1902,0.21,-5.02,0.37
-183,-12682,2860,-0.34,-5.23,0.63
-337,-11551,129,-1.06,-7.88,-0.92
-532,-6718,6587,-0.80,-2.82,2.41
3823,-11445,2018,1.01,-5.56,1.58
-186,-10213,5397,-0.46,-3.29,1.55
